0 0.413086 0.974609 0.060547 0.050781
0 0.484375 0.950195 0.113281 0.099609
0 0.163086 0.911133 0.130859 0.041016
0 0.625977 0.934570 0.134766 0.130859
0 0.065430 0.864258 0.130859 0.099609
0 0.845703 0.820312 0.203125 0.183594
0 0.190430 0.756836 0.080078 0.083984
0 0.591797 0.702148 0.160156 0.142578
0 0.320312 0.663086 0.089844 0.076172
0 0.182617 0.616211 0.037109 0.060547
0 0.815430 0.473633 0.080078 0.083984
0 0.791992 0.280273 0.103516 0.087891
0 0.245117 0.173828 0.072266 0.078125
0 0.836914 0.083008 0.119141 0.044922
0 0.742188 0.067383 0.058594 0.076172
0 0.169922 0.042969 0.074219 0.085938