0 0.409180 0.979492 0.068359 0.041016
0 0.125000 0.976562 0.054688 0.046875
0 0.187500 0.970703 0.062500 0.058594
0 0.922852 0.968750 0.083984 0.062500
0 0.364258 0.900391 0.064453 0.082031
0 0.669922 0.831055 0.062500 0.052734
0 0.148438 0.831055 0.296875 0.302734
0 0.739258 0.801758 0.521484 0.396484
0 0.157227 0.602539 0.134766 0.111328
0 0.681641 0.522461 0.113281 0.126953
0 0.176758 0.464844 0.068359 0.050781
0 0.470703 0.351562 0.039062 0.066406
0 0.609375 0.348633 0.074219 0.095703
0 0.255859 0.330078 0.062500 0.058594
0 0.789062 0.182617 0.058594 0.048828
0 0.937500 0.163086 0.125000 0.130859
0 0.785156 0.056641 0.214844 0.113281
0 0.209961 0.040039 0.068359 0.080078
0 0.471680 0.183594 0.943359 0.367188